Metricas acadadas no adestramento (promedio de iteracions)

Clase (Ahegao): 
			 media				desviacion tipica
-------------------------------------------
	ACC:  0.9777777777777779,	0.03142696805273544
	TN:  25.0,	1.4142135623730951
	FP:  0.6666666666666666,	0.9428090415820634
	FN:  0.0,	0.0
	TP:  4.333333333333333,	1.247219128924647
	TPR:  1.0,	0.0
	TNR:  0.9743589743589745,	0.03626188621469472
	PPV:  0.8888888888888888,	0.15713484026367724
	F1:  0.9333333333333332,	0.09428090415820632
	NPV:  1.0,	0.0
	FPR:  0.025641025641025644,	0.03626188621469475
	FNR:  0.0,	0.0
	FDR:  0.1111111111111111,	0.15713484026367722

Clase (Angry): 
			 media				desviacion tipica
-------------------------------------------
	ACC:  0.8666666666666667,	0.09813067629253167
	TN:  25.666666666666668,	2.6246692913372702
	FP:  0.3333333333333333,	0.4714045207910317
	FN:  3.6666666666666665,	2.494438257849294
	TP:  0.3333333333333333,	0.4714045207910317
	TPR:  0.16666666666666666,	0.23570226039551584
	TNR:  0.9855072463768115,	0.02049584873004484
	PPV:  nan,	nan
	F1:  nan,	nan
	NPV:  0.874712643678161,	0.08633706647454681
	FPR:  0.014492753623188406,	0.020495848730044855
	FNR:  0.8333333333333334,	0.23570226039551584
	FDR:  nan,	nan

Clase (Happy): 
			 media				desviacion tipica
-------------------------------------------
	ACC:  0.8222222222222223,	0.05665577237325315
	TN:  24.333333333333332,	1.8856180831641267
	FP:  1.6666666666666667,	1.699673171197595
	FN:  3.6666666666666665,	1.699673171197595
	TP:  0.3333333333333333,	0.4714045207910317
	TPR:  0.1111111111111111,	0.15713484026367722
	TNR:  0.9367283950617283,	0.062380811516690546
	PPV:  nan,	nan
	F1:  nan,	nan
	NPV:  0.8710344827586206,	0.055707178482159045
	FPR:  0.0632716049382716,	0.06238081151669054
	FNR:  0.8888888888888888,	0.15713484026367724
	FDR:  nan,	nan

Clase (Neutral): 
			 media				desviacion tipica
-------------------------------------------
	ACC:  0.7111111111111111,	0.11331154474650636
	TN:  14.333333333333334,	2.8674417556808756
	FP:  8.0,	3.559026084010437
	FN:  0.6666666666666666,	0.4714045207910317
	TP:  7.0,	2.160246899469287
	TPR:  0.8962962962962964,	0.08181748901620192
	TNR:  0.646984126984127,	0.14933732852878367
	PPV:  0.48920786815523654,	0.18836175076413197
	F1:  0.6142857142857143,	0.16454430993496183
	NPV:  0.960233918128655,	0.02869671145353286
	FPR:  0.353015873015873,	0.14933732852878373
	FNR:  0.1037037037037037,	0.08181748901620194
	FDR:  0.5107921318447634,	0.18836175076413197

Clase (Sad): 
			 media				desviacion tipica
-------------------------------------------
	ACC:  0.8333333333333334,	0.0
	TN:  23.0,	0.0
	FP:  1.3333333333333333,	0.4714045207910317
	FN:  3.6666666666666665,	0.4714045207910317
	TP:  2.0,	0.0
	TPR:  0.35555555555555557,	0.03142696805273547
	TNR:  0.9455555555555556,	0.01807050663032288
	PPV:  0.611111111111111,	0.0785674201318386
	F1:  0.4444444444444444,	3.204937810639273e-17
	NPV:  0.8627730294396961,	0.015444877461814409
	FPR:  0.05444444444444444,	0.018070506630322884
	FNR:  0.6444444444444444,	0.03142696805273544
	FDR:  0.38888888888888884,	0.07856742013183862

Clase (Surprise): 
			 media				desviacion tipica
-------------------------------------------
	ACC:  0.9444444444444445,	0.0415739709641549
	TN:  25.0,	1.4142135623730951
	FP:  0.6666666666666666,	0.4714045207910317
	FN:  1.0,	0.816496580927726
	TP:  3.3333333333333335,	0.9428090415820634
	TPR:  0.7777777777777777,	0.15713484026367724
	TNR:  0.9737654320987654,	0.01864667588517681
	PPV:  0.8222222222222223,	0.13698697784375505
	F1:  0.7979797979797979,	0.14497676863037703
	NPV:  0.9609876543209875,	0.032689716866045146
	FPR:  0.026234567901234563,	0.01864667588517681
	FNR:  0.2222222222222222,	0.15713484026367722
	FDR:  0.17777777777777778,	0.13698697784375502


Kappa: media = 0.4722296033037721, desviacion tipica: 0.15332993907944154